115055 264218
1 3 557
2 6 1307
3 6 1673
3 1 557
4 9 1369
5 10 1157
6 10 1666
6 3 1673
6 2 1307
7 11 96
8 12 961
9 14 630
9 4 1369
10 6 1666
10 14 385
10 5 1157
11 15 2153
11 7 96
12 18 1292
12 13 1371
12 8 961
13 14 182
13 18 170
13 12 1371
14 10 385
14 13 182
14 18 216
14 9 630
15 19 671
15 19 671
15 11 2153
16 21 1702
17 21 3300
18 14 216
18 13 170
18 12 1292
18 24 179
19 27 493
19 15 671
19 15 671
20 28 2014
21 17 3300
21 16 1702
21 28 292
22 30 432
23 30 775
24 18 179
24 32 3551
25 33 1686
26 39 2632
27 39 2145
27 29 1650
27 19 493
28 40 495
28 21 292
28 20 2014
29 27 1650
29 40 1325
30 41 913
30 23 775
30 22 432
31 41 1073
32 42 1160
32 24 3551
33 43 642
33 25 1686
34 43 1650
35 47 690
36 47 938
37 48 626
38 48 592
39 49 88
39 27 2145
39 26 2632
40 29 1325
40 50 1333
40 28 495
41 50 4392
41 31 1073
41 30 913
42 53 5639
42 32 1160
43 55 144
43 34 1650
43 33 642
44 57 206
45 58 1043
46 59 411
47 36 938
47 35 690
47 59 2737
48 38 592
48 60 2171
48 37 626
49 39 88
49 60 146
50 61 709
50 41 4392
50 40 1333
51 62 3109
52 62 789
53 63 131
53 42 5639
54 63 2939
55 64 825
55 43 144
56 64 2070
57 44 206
57 66 142
58 45 1043
58 66 2374
59 68 460
59 47 2737
59 46 411
60 68 1390
60 49 146
60 48 2171
61 68 144
61 50 709
62 69 80
62 52 789
62 51 3109
63 54 2939
63 53 131
63 71 753
64 72 3226
64 56 2070
64 55 825
65 72 74
66 77 103
66 58 2374
66 57 142
67 79 293
68 61 144
68 60 1390
68 59 460
68 79 787
69 62 80
69 80 307
70 80 314
71 82 1053
71 63 753
72 65 74
72 64 3226
72 82 97
73 85 593
74 85 1548
75 86 349
76 87 2201
77 66 103
77 89 93
78 89 65
79 90 890
79 68 787
79 67 293
80 90 357
80 70 314
80 69 307
81 91 1366
82 72 97
82 92 62
82 71 1053
83 95 624
84 96 325
84 97 256
85 74 1548
85 98 588
85 73 593
86 98 183
86 75 349
87 76 2201
87 99 800
88 99 1658
89 78 65
89 100 1595
89 77 93
90 80 357
90 101 4878
90 79 890
91 101 2426
91 81 1366
92 82 62
92 102 61
93 103 7142
94 104 7
95 107 2077
95 83 624
96 84 325
96 107 2075
97 108 633
97 84 256
98 108 2436
98 86 183
98 85 588
99 109 1957
99 88 1658
99 87 800
100 89 1595
100 110 1906
101 110 3437
101 91 2426
101 90 4878
102 92 61
102 111 457
103 111 828
103 93 7142
104 113 132
104 94 7
105 113 220
106 114 3685
107 96 2075
107 95 2077
107 114 267
108 98 2436
108 115 2540
108 97 633
109 99 1957
109 116 2429
110 116 1031
110 101 3437
110 100 1906
111 103 828
111 117 1106
111 102 457
112 118 66
112 112 0
112 112 0
113 105 220
113 104 132
113 118 73
114 121 271
114 107 267
114 106 3685
115 108 2540
115 121 2965
116 123 251
116 110 1031
116 109 2429
117 124 3283
117 111 1106
118 124 654
118 113 73
118 112 66
119 125 162
120 125 813
121 115 2965
121 114 271
121 126 202
122 127 142
123 116 251
123 127 357
124 118 654
124 117 3283
124 129 857
125 120 813
125 119 162
125 131 161
126 121 202
126 131 694
127 123 357
127 132 359
127 122 142
128 132 1473
129 134 1405
129 124 857
130 135 234
131 136 2567
131 126 694
131 125 161
132 137 764
132 128 1473
132 127 359
133 139 2865
134 139 601
134 129 1405
135 140 51
135 130 234
136 131 2567
136 143 41
137 143 13
137 132 764
138 144 3656
139 134 601
139 133 2865
139 144 885
140 141 67
140 145 134
140 135 51
141 140 67
141 146 16
141 145 143
142 146 450
143 147 1703
143 137 13
143 136 41
144 139 885
144 138 3656
144 147 132
145 140 134
145 148 167
145 141 143
146 148 56
146 142 450
146 141 16
147 144 132
147 150 282
147 143 1703
148 146 56
148 153 369
148 145 167
149 153 605
150 147 282
150 155 1647
151 156 141
152 156 518
153 157 99
153 149 605
153 148 369
154 158 756
155 158 446
155 150 1647
156 152 518
156 159 288
156 151 141
157 153 99
157 159 87
158 155 446
158 154 756
158 160 40
159 162 298
159 157 87
159 156 288
160 162 202
160 158 40
161 166 174
162 160 202
162 159 298
162 166 1028
163 169 40
164 169 52
165 170 218
166 170 249
166 162 1028
166 161 174
167 174 369
167 167 0
167 167 0
168 174 131
169 178 205
169 164 52
169 163 40
170 178 247
170 166 249
170 165 218
171 180 1404
172 180 3331
173 181 5075
174 183 108
174 168 131
174 167 369
175 183 475
176 184 413
177 184 336
178 186 174
178 170 247
178 169 205
179 186 1967
180 187 5844
180 172 3331
180 171 1404
181 187 533
181 173 5075
182 191 167
183 175 475
183 192 235
183 174 108
184 177 336
184 176 413
184 192 583
185 193 48
186 179 1967
186 178 174
186 193 82
187 181 533
187 180 5844
187 194 509
188 195 586
189 195 482
190 197 165
191 182 167
191 197 39
192 198 437
192 184 583
192 183 235
193 198 104
193 186 82
193 185 48
194 187 509
194 200 420
195 204 543
195 189 482
195 188 586
196 204 603
197 191 39
197 190 165
197 208 124
198 193 104
198 192 437
198 208 604
199 211 360
200 212 4307
200 194 420
201 215 137
202 215 235
203 219 999
204 196 603
204 195 543
204 219 428
205 221 824
206 221 1504
207 223 109
208 198 604
208 197 124
208 223 99
209 224 198
210 224 147
211 199 360
211 226 127
212 200 4307
212 226 758
213 228 273
214 228 193
215 229 97
215 202 235
215 201 137
216 229 50
217 230 252
218 234 208
219 204 428
219 203 999
219 234 179
220 235 79
221 206 1504
221 205 824
221 235 140
222 236 315
223 236 180
223 208 99
223 207 109
224 238 71
224 210 147
224 209 198
225 239 472
226 212 758
226 211 127
226 239 393
227 240 319
228 242 56
228 214 193
228 213 273
229 242 119
229 216 50
229 215 97
230 217 252
230 243 1244
231 243 1241
232 245 242
233 247 768
234 247 338
234 219 179
234 218 208
235 248 209
235 221 140
235 220 79
236 248 378
236 223 180
236 222 315
237 250 60
238 240 306
238 224 71
238 250 212
239 252 313
239 226 393
239 225 472
240 252 339
240 238 306
240 227 319
241 255 120
242 229 119
242 228 56
242 255 59
243 256 2087
243 231 1241
243 230 1244
244 256 1875
245 259 233
245 259 233
245 232 242
246 259 92
247 234 338
247 233 768
247 260 483
248 236 378
248 235 209
248 260 112
249 262 43
250 262 87
250 238 212
250 237 60
251 263 147
252 240 339
252 239 313
252 263 474
253 264 576
254 266 81
255 242 59
255 241 120
255 266 105
256 244 1875
256 243 2087
256 272 264
257 275 53
258 275 234
259 277 300
259 246 92
259 245 233
259 245 233
260 277 275
260 248 112
260 247 483
261 278 104
262 278 69
262 250 87
262 249 43
263 279 56
263 252 474
263 251 147
264 279 176
264 253 576
265 282 82
266 282 152
266 255 105
266 254 81
267 285 259
268 285 69
269 273 30
269 285 52
270 286 392
271 286 45
272 287 177
272 256 264
273 287 252
273 269 30
273 283 22
274 288 48
275 288 600
275 258 234
275 257 53
276 289 751
277 260 275
277 259 300
277 289 709
278 293 187
278 262 69
278 261 104
279 264 176
279 263 56
279 293 130
280 295 360
281 295 375
282 297 42
282 266 152
282 265 82
283 297 1215
283 273 22
284 299 61
285 299 55
285 269 52
285 268 69
285 267 259
286 300 30
286 271 45
286 270 392
287 273 252
287 300 133
287 272 177
288 301 148
288 275 600
288 274 48
289 277 709
289 276 751
289 301 776
290 302 239
291 302 133
292 304 61
293 279 130
293 278 187
293 304 283
294 305 38
295 281 375
295 280 360
295 305 216
296 307 64
297 283 1215
297 282 42
297 307 560
298 314 66
299 314 36
299 285 55
299 284 61
300 287 133
300 315 1080
300 286 30
301 316 256
301 289 776
301 288 148
302 318 158
302 291 133
302 290 239
303 318 230
304 320 305
304 293 283
304 292 61
305 320 161
305 295 216
305 294 38
306 322 76
307 322 91
307 297 560
307 296 64
308 323 71
309 323 127
310 324 150
311 324 86
312 324 197
313 326 693
314 299 36
314 298 66
314 326 233
315 316 391
315 328 400
315 300 1080
316 301 256
316 315 391
316 328 105
317 330 75
318 303 230
318 302 158
318 330 63
319 333 113
320 305 161
320 304 305
320 333 156
321 335 58
322 335 91
322 307 91
322 306 76
323 337 73
323 309 127
323 308 71
324 337 253
324 312 197
324 311 86
324 310 150
325 339 123
326 314 233
326 313 693
326 339 35
327 340 323
328 316 105
328 315 400
328 340 76
329 341 85
330 341 73
330 318 63
330 317 75
331 344 45
332 344 117
333 320 156
333 319 113
333 346 107
334 348 63
335 348 58
335 322 91
335 321 58
336 350 189
337 350 76
337 324 253
337 323 73
338 351 158
339 326 35
339 325 123
339 351 38
340 354 256
340 328 76
340 327 323
341 356 82
341 330 73
341 329 85
342 356 2072
343 357 89
344 357 65
344 332 117
344 331 45
345 358 100
346 333 107
346 358 17
347 362 29
348 362 47
348 335 58
348 334 63
349 364 39
350 337 76
350 364 238
350 336 189
351 366 69
351 339 38
351 338 158
352 368 95
353 370 106
354 340 256
354 370 229
355 372 202
356 342 2072
356 341 82
356 372 520
357 374 404
357 344 65
357 343 89
358 374 128
358 346 17
358 345 100
359 376 350
360 376 242
361 379 58
362 379 35
362 348 47
362 347 29
363 381 61
364 381 163
364 350 238
364 349 39
365 382 98
366 351 69
366 368 212
366 382 30
367 384 90
368 366 212
368 384 92
368 352 95
369 385 153
370 385 152
370 354 229
370 353 106
371 386 166
372 386 432
372 356 520
372 355 202
373 390 152
374 358 128
374 357 404
374 390 383
375 391 567
376 392 327
376 360 242
376 359 350
377 392 317
378 395 77
379 395 23
379 362 35
379 361 58
380 396 57
381 396 85
381 364 163
381 363 61
382 366 30
382 365 98
382 397 73
383 398 99
384 398 133
384 368 92
384 367 90
385 401 394
385 370 152
385 369 153
386 401 156
386 372 432
386 371 166
387 402 78
388 402 108
389 403 165
390 403 84
390 374 383
390 373 152
391 407 279
391 375 567
392 408 234
392 377 317
392 376 327
393 408 668
394 410 54
395 379 23
395 378 77
395 410 21
396 412 327
396 381 85
396 380 57
397 382 73
397 412 107
398 414 915
398 384 133
398 383 99
399 400 52
399 414 166
400 399 52
400 415 133
401 386 156
401 385 394
401 415 219
402 416 144
402 388 108
402 387 78
403 416 459
403 390 84
403 389 165
404 417 313
405 418 568
406 418 363
407 419 102
407 391 279
408 419 668
408 393 668
408 392 234
409 420 46
410 395 21
410 394 54
410 420 112
411 421 532
412 421 278
412 397 107
412 396 327
413 422 311
414 399 166
414 398 915
414 422 572
415 423 374
415 401 219
415 400 133
416 423 805
416 403 459
416 402 144
417 425 143
417 429 1113
417 404 313
418 430 390
418 406 363
418 405 568
419 408 668
419 407 102
419 430 620
420 432 23
420 410 112
420 409 46
421 433 413
421 412 278
421 411 532
422 433 495
422 414 572
422 413 311
423 416 805
423 415 374
423 436 132
424 437 305
425 417 143
425 437 72
426 440 392
427 440 663
428 443 104
429 444 247
429 417 1113
430 444 206
430 419 620
430 418 390
431 446 132
432 446 1179
432 420 23
433 422 495
433 421 413
433 447 642
433 435 368
434 449 121
435 449 118
435 433 368
436 451 210
436 423 132
437 451 275
437 425 72
437 424 305
438 452 333
439 452 258
440 427 663
440 426 392
440 452 432
441 453 1168
442 454 159
443 455 169
443 428 104
444 455 42
444 430 206
444 429 247
445 456 253
446 456 38
446 432 1179
446 431 132
447 433 642
447 458 286
448 460 150
449 460 244
449 435 118
449 434 121
450 462 269
451 437 275
451 436 210
451 462 119
452 464 390
452 440 432
452 439 258
452 438 333
453 465 118
453 441 1168
454 470 65
454 442 159
455 444 42
455 470 116
455 443 169
456 471 1134
456 446 38
456 445 253
457 473 53
458 447 286
458 473 144
459 475 134
460 475 121
460 449 244
460 448 150
461 477 858
462 477 323
462 451 119
462 450 269
463 479 315
464 479 155
464 452 390
465 480 85
465 453 118
466 482 251
467 482 149
468 482 173
469 483 38
470 455 116
470 483 17
470 454 65
471 484 1020
471 456 1134
472 485 425
473 485 123
473 458 144
473 457 53
474 486 147
475 486 112
475 460 121
475 459 134
476 487 122
477 462 323
477 461 858
477 487 404
478 488 178
479 464 155
479 488 103
479 463 315
480 465 85
480 489 994
481 491 120
482 491 173
482 468 173
482 467 149
482 466 251
483 470 17
483 493 72
483 469 38
484 471 1020
484 496 552
485 496 188
485 473 123
485 472 425
486 498 232
486 475 112
486 474 147
487 498 361
487 477 404
487 476 122
488 479 103
488 500 82
488 478 178
489 480 994
489 500 205
490 502 172
491 502 91
491 482 173
491 481 120
492 503 262
493 503 79
493 483 72
494 504 332
495 506 495
496 485 188
496 484 552
496 506 264
497 504 681
497 507 83
498 487 361
498 486 232
498 508 333
499 510 443
500 489 205
500 488 82
500 510 236
501 511 193
502 491 91
502 490 172
502 511 212
503 493 79
503 512 376
503 492 262
504 497 681
504 512 836
504 494 332
505 514 50
506 496 264
506 495 495
506 514 339
507 516 654
507 497 83
508 516 328
508 498 333
509 521 358
510 521 196
510 500 236
510 499 443
511 522 543
511 502 212
511 501 193
512 522 724
512 504 836
512 503 376
513 523 626
514 523 167
514 506 339
514 505 50
515 526 303
516 526 281
516 508 328
516 507 654
517 530 1929
518 530 330
519 532 120
520 532 269
521 535 261
521 510 196
521 509 358
522 535 241
522 512 724
522 511 543
523 514 167
523 538 124
523 513 626
524 538 432
525 541 505
526 516 281
526 515 303
526 541 314
527 542 14
528 542 75
529 543 312
530 518 330
530 545 4855
530 517 1929
531 546 305
532 520 269
532 519 120
532 546 405
533 548 835
534 548 250
534 542 223
535 522 241
535 521 261
535 549 71
536 551 94
537 551 103
538 552 80
538 524 432
538 523 124
539 553 142
540 553 441
541 557 125
541 526 314
541 525 505
542 558 31
542 534 223
542 528 75
542 527 14
543 529 312
543 558 1078
543 557 375
544 560 575
545 560 65
545 530 4855
546 561 152
546 532 405
546 531 305
547 561 493
548 534 250
548 562 369
548 533 835
549 562 422
549 535 71
550 563 203
551 537 103
551 536 94
551 565 55
552 538 80
552 567 236
553 568 177
553 540 441
553 539 142
554 568 837
555 569 126
556 572 355
557 541 125
557 543 375
557 572 208
558 543 1078
558 542 31
558 573 601
559 575 571
559 576 119
559 576 119
560 545 65
560 577 734
560 544 575
561 580 171
561 547 493
561 546 152
562 580 1640
562 549 422
562 548 369
563 566 23
563 583 278
563 550 203
564 583 125
565 584 143
565 551 55
566 584 133
566 569 336
566 563 23
567 552 236
567 585 293
568 585 156
568 554 837
568 553 177
569 566 336
569 586 208
569 555 126
570 586 413
571 587 117
572 593 205
572 557 208
572 556 355
573 594 202
573 588 5
573 558 601
574 594 161
575 596 224
575 596 224
575 559 571
576 559 119
576 559 119
576 597 2520
577 598 70
577 560 734
578 603 623
579 603 421
580 562 1640
580 604 165
580 561 171
581 605 111
582 605 142
583 606 258
583 564 125
583 563 278
584 566 133
584 565 143
584 606 134
585 608 311
585 568 156
585 567 293
586 609 168
586 570 413
586 569 208
587 610 335
587 593 414
587 571 117
588 573 5
588 611 173
589 611 124
590 612 120
591 612 518
592 613 171
593 572 205
593 613 184
593 587 414
594 614 570
594 574 161
594 573 202
595 615 227
596 616 1061
596 575 224
596 575 224
597 576 2520
597 618 126
597 618 126
598 577 70
598 619 1132
599 619 244
600 619 206
601 622 163
602 622 1029
603 624 481
603 579 421
603 578 623
604 580 165
604 624 115
605 626 138
605 582 142
605 581 111
606 626 299
606 584 134
606 583 258
607 628 168
608 585 311
608 629 12
609 629 4
609 586 168
610 629 18
610 587 335
611 589 124
611 588 173
611 630 513
612 630 450
612 591 518
612 590 120
613 593 184
613 631 308
613 592 171
614 594 570
614 632 227
615 595 227
615 634 296
616 636 178
616 596 1061
617 636 2598
618 597 126
618 597 126
618 637 2037
619 600 206
619 599 244
619 598 1132
619 638 331
620 639 86
621 634 40
621 640 145
622 602 1029
622 640 210
622 601 163
622 639 564
623 642 295
624 604 115
624 603 481
624 642 327
625 646 132
626 606 299
626 605 138
626 646 194
627 647 81
628 647 58
628 607 168
629 610 18
629 609 4
629 648 32
629 608 12
630 650 396
630 612 450
630 611 513
631 650 38
631 613 308
632 614 227
632 650 37
633 651 1300
634 651 156
634 615 296
634 621 40
635 652 269
636 617 2598
636 616 178
636 653 3187
637 655 38
637 618 2037
637 654 37
638 659 601
638 619 331
639 661 154
639 622 564
639 620 86
640 622 210
640 621 145
640 661 762
641 663 178
642 624 327
642 623 295
642 663 216
643 664 39
644 664 90
645 665 69
646 626 194
646 625 132
646 665 101
647 666 104
647 628 58
647 627 81
648 629 32
648 666 123
649 667 583
650 632 37
650 631 38
650 630 396
650 667 856
651 668 385
651 634 156
651 633 1300
652 668 605
652 635 269
653 636 3187
653 675 4786
654 637 37
654 676 131
655 637 38
655 676 132
656 677 439
657 677 250
658 678 208
659 679 96
659 638 601
660 681 136
661 640 762
661 639 154
661 681 279
662 683 143
663 642 216
663 641 178
663 683 69
664 684 35
664 644 90
664 643 39
665 646 101
665 645 69
665 684 125
666 685 450
666 648 123
666 647 104
667 685 251
667 650 856
667 649 583
668 652 605
668 651 385
668 686 33
669 687 95
670 687 82
671 688 134
672 688 73
673 689 65
674 689 43
675 690 3286
675 653 4786
676 690 43
676 655 132
676 654 131
677 692 748
677 657 250
677 656 439
678 693 235
678 658 208
679 694 308
679 659 96
680 695 662
681 661 279
681 660 136
681 695 288
682 696 171
683 696 224
683 663 69
683 662 143
684 697 225
684 665 125
684 664 35
685 667 251
685 666 450
685 697 1054
686 700 653
686 668 33
687 701 23
687 670 82
687 669 95
688 672 73
688 671 134
688 701 65
689 702 107
689 674 43
689 673 65
690 676 43
690 675 3286
690 703 774
691 703 142
692 705 105
692 677 748
693 678 235
693 705 67
694 679 308
694 706 546
695 708 226
695 681 288
695 680 662
696 708 754
696 683 224
696 682 171
697 710 1612
697 685 1054
697 684 225
698 713 63
699 713 81
700 714 64
700 686 653
701 719 87
701 688 65
701 687 23
702 717 61
702 689 107
702 719 98
703 691 142
703 690 774
703 721 185
704 722 752
705 693 67
705 722 195
705 692 105
706 723 393
706 694 546
707 725 90
708 696 754
708 725 74
708 695 226
709 726 95
710 697 1612
710 726 187
711 727 81
712 727 269
713 727 131
713 699 81
713 698 63
714 700 64
714 728 29
714 720 46
715 729 486
716 729 199
717 730 194
717 702 61
718 730 116
719 731 185
719 702 98
719 701 87
720 731 300
720 714 46
721 703 185
721 732 259
722 705 195
722 733 510
722 704 752
723 706 393
723 734 285
724 734 184
725 735 107
725 708 74
725 707 90
726 735 15
726 710 187
726 709 95
727 736 134
727 713 131
727 712 269
727 711 81
728 714 29
728 736 423
729 737 81
729 716 199
729 715 486
730 738 388
730 718 116
730 717 194
731 720 300
731 719 185
731 738 93
732 721 259
732 739 3577
733 741 672
733 722 510
734 742 399
734 724 184
734 723 285
735 726 15
735 725 107
735 743 415
736 743 346
736 728 423
736 727 134
737 744 91
737 729 81
738 744 41
738 731 93
738 730 388
739 732 3577
739 745 3027
740 746 3958
741 747 229
741 733 672
742 747 15
742 734 399
743 736 346
743 735 415
743 748 243
744 738 41
744 737 91
744 749 233
745 739 3027
745 751 3379
746 751 36
746 740 3958
747 757 214
747 742 15
747 741 229
748 757 47
748 743 243
749 759 4
749 744 233
750 760 580
751 746 36
751 745 3379
751 760 630
752 761 67
753 763 134
754 765 757
755 765 117
756 766 649
757 748 47
757 747 214
757 766 1641
758 768 514
759 768 415
759 749 4
760 751 630
760 774 187
760 750 580
761 779 81
761 752 67
762 779 341
763 753 134
763 782 22
764 778 7
764 782 24
765 786 152
765 755 117
765 754 757
766 757 1641
766 756 649
766 787 304
767 791 85
768 759 415
768 758 514
768 791 768
769 794 228
770 794 191
771 795 230
772 795 270
773 796 1046
774 760 187
774 796 1762
775 797 338
776 798 144
777 798 260
778 764 7
778 799 75
779 799 74
779 762 341
779 797 104
779 761 81
780 800 177
781 800 123
782 803 47
782 764 24
782 763 22
783 805 96
784 807 91
785 808 205
786 808 186
786 765 152
787 810 95
787 766 304
788 811 165
789 811 350
790 812 143
791 812 171
791 768 768
791 767 85
792 813 166
793 813 210
794 770 191
794 769 228
794 813 158
795 814 879
795 772 270
795 771 230
796 814 1050
796 774 1762
796 773 1046
797 775 338
797 815 177
797 779 104
798 815 53
798 777 260
798 776 144
799 816 164
799 779 74
799 778 75
800 817 70
800 781 123
800 780 177
801 817 83
802 809 171
802 818 55
803 819 31
803 782 47
804 823 147
805 823 529
805 783 96
806 824 244
807 825 82
807 784 91
808 786 186
808 826 1500
808 785 205
809 802 171
809 826 622
809 825 611
810 787 95
810 828 69
811 830 83
811 789 350
811 788 165
812 791 171
812 790 143
812 830 167
813 831 122
813 794 158
813 793 210
813 792 166
814 796 1050
814 795 879
814 831 3996
815 832 63
815 798 53
815 797 177
816 832 111
816 799 164
817 801 83
817 834 166
817 800 70
817 821 129
818 835 80
818 802 55
819 835 18
819 803 31
820 836 84
821 817 129
821 834 103
821 836 70
822 837 162
823 805 529
823 838 118
823 804 147
824 838 84
824 806 244
825 807 82
825 809 611
825 840 585
826 809 622
826 840 601
826 808 1500
827 843 316
828 844 857
828 810 69
829 851 121
830 852 968
830 812 167
830 811 83
831 852 464
831 814 3996
831 813 122
832 816 111
832 853 114
832 815 63
833 854 102
834 817 166
834 854 26
834 821 103
835 855 178
835 819 18
835 818 80
836 855 42
836 821 70
836 820 84
837 856 119
837 822 162
838 856 101
838 824 84
838 823 118
839 858 600
839 859 76
840 826 601
840 825 585
840 859 559
841 861 94
842 861 58
843 864 46
843 827 316
844 828 857
844 864 151
845 866 287
846 866 549
847 867 357
848 867 138
849 868 349
850 874 71
851 861 125
851 829 121
851 874 285
852 831 464
852 830 968
852 876 390
853 880 27
853 832 114
854 834 26
854 881 58
854 833 102
855 881 116
855 836 42
855 835 178
856 838 101
856 882 431
856 837 119
857 882 61
858 885 180
858 839 600
859 885 842
859 840 559
859 839 76
860 887 85
861 842 58
861 851 125
861 841 94
861 887 63
862 888 873
863 888 932
864 889 369
864 844 151
864 843 46
865 889 1333
866 846 549
866 845 287
866 891 5
867 892 169
867 848 138
867 847 357
868 892 736
868 849 349
869 894 47
870 895 36
871 896 85
872 895 34
872 896 126
873 899 101
874 899 251
874 851 285
874 850 71
875 901 134
876 901 141
876 852 390
877 901 2555
878 903 235
879 903 297
880 906 39
880 853 27
881 906 216
881 855 116
881 854 58
882 908 179
882 857 61
882 856 431
883 908 115
884 909 54
885 910 63
885 859 842
885 858 180
886 912 252
887 861 63
887 860 85
887 912 52
888 913 390
888 863 932
888 862 873
889 865 1333
889 864 369
889 913 658
890 914 195
891 914 478
891 866 5
892 868 736
892 915 426
892 867 169
893 915 330
894 916 84
894 869 47
894 918 137
895 872 34
895 919 420
895 870 36
896 919 328
896 872 126
896 871 85
897 921 91
898 923 126
899 923 298
899 874 251
899 873 101
900 924 263
901 877 2555
901 876 141
901 875 134
901 924 164
902 925 188
903 925 96
903 879 297
903 878 235
904 926 61
905 926 43
906 927 98
906 881 216
906 880 39
907 928 151
908 928 118
908 883 115
908 882 179
909 928 22
909 929 228
909 884 54
910 930 321
910 885 63
911 932 80
912 887 52
912 886 252
912 932 59
913 936 243
913 889 658
913 888 390
914 891 478
914 938 339
914 890 195
915 938 79
915 893 330
915 892 426
916 894 84
916 918 104
916 939 206
917 940 115
918 916 104
918 894 137
918 940 335
919 941 58
919 896 328
919 895 420
920 942 81
921 942 291
921 897 91
921 939 382
922 943 129
923 944 117
923 899 298
923 898 126
924 901 164
924 900 263
924 946 774
925 946 290
925 903 96
925 902 188
926 947 146
926 905 43
926 904 61
927 906 98
927 947 788
928 909 22
928 908 118
928 948 407
928 907 151
929 949 33
929 909 228
930 910 321
930 949 1811
931 950 113
932 912 59
932 911 80
932 950 49
933 951 356
934 951 58
934 945 1685
935 952 1285
936 913 243
936 952 362
937 956 1250
938 956 508
938 915 79
938 914 339
939 957 259
939 916 206
939 921 382
940 958 76
940 918 335
940 917 115
941 919 58
941 958 25
942 960 128
942 921 291
942 920 81
943 960 88
943 957 238
943 922 129
944 923 117
944 961 944
945 961 66
945 934 1685
946 963 196
946 925 290
946 924 774
947 927 788
947 965 180
947 926 146
948 967 79
948 928 407
949 930 1811
949 929 33
949 967 513
950 969 15
950 932 49
950 931 113
951 934 58
951 970 585
951 933 356
952 971 157
952 936 362
952 935 1285
953 972 901
954 973 266
955 974 431
956 974 167
956 938 508
956 937 1250
957 939 259
957 976 326
957 943 238
958 976 236
958 941 25
958 940 76
959 977 147
960 978 142
960 943 88
960 942 128
961 945 66
961 944 944
961 978 63
962 980 228
963 946 196
963 980 73
964 982 294
965 982 289
965 947 180
966 984 62
967 985 126
967 949 513
967 948 79
968 987 11
969 950 15
969 987 78
970 989 510
970 951 585
971 989 23
971 952 157
972 990 88
972 953 901
973 954 266
973 990 83
974 956 167
974 991 120
974 955 431
975 991 1167
976 993 381
976 958 236
976 957 326
977 993 667
977 959 147
978 993 419
978 961 63
978 960 142
979 994 1010
980 994 1892
980 963 73
980 962 228
981 995 68
982 965 289
982 995 136
982 964 294
983 999 67
984 997 71
984 999 40
984 966 62
985 967 126
985 1000 588
986 1003 46
987 1003 8
987 969 78
987 968 11
988 1004 830
989 971 23
989 970 510
989 1004 207
990 1006 50
990 973 83
990 972 88
991 975 1167
991 1006 443
991 974 120
992 1007 289
993 978 419
993 977 667
993 976 381
993 1007 346
994 980 1892
994 1008 163
994 979 1010
995 982 136
995 1009 100
995 981 68
996 1009 754
997 984 71
997 1013 212
998 1013 322
999 1014 28
999 984 40
999 983 67
1000 1014 283
1000 985 588
1001 1021 337
1002 1022 91
1002 1021 671
1003 1022 86
1003 987 8
1003 986 46
1004 1023 157
1004 989 207
1004 988 830
1005 1025 1249
1006 1025 339
1006 991 443
1006 990 50
1007 1028 640
1007 993 346
1007 992 289
1008 1029 768
1008 994 163
1009 1030 151
1009 996 754
1009 995 100
1010 1017 139
1010 1032 100
1011 1032 51
1011 1019 26
1012 1033 54
1013 998 322
1013 1034 45
1013 997 212
1014 1000 283
1014 1034 341
1014 999 28
1015 1036 146
1016 1036 177
1017 1010 139
1017 1033 66
1017 1037 57
1018 1037 212
1019 1011 26
1019 1038 26
1020 1039 313
1021 1042 182
1021 1002 671
1021 1001 337
1022 1003 86
1022 1043 141
1022 1002 91
1023 1044 1128
1023 1004 157
1024 1046 883
1025 1006 339
1025 1046 366
1025 1005 1249
1026 1047 125
1027 1047 241
1028 1048 976
1028 1007 640
1029 1048 1871
1029 1008 768
1030 1009 151
1030 1049 256
1031 1050 95
1031 1051 127
1031 1049 144
1032 1054 59
1032 1011 51
1032 1010 100
1033 1054 251
1033 1017 66
1033 1012 54
1034 1014 341
1034 1013 45
1034 1055 1452
1035 1057 153
1036 1057 135
1036 1016 177
1036 1015 146
1037 1059 41
1037 1018 212
1037 1017 57
1038 1060 32
1038 1019 26
1038 1059 255
1039 1062 21
1039 1020 313
1040 1063 88
1040 1064 153
1041 1066 403
1042 1021 182
1042 1066 248
1043 1022 141
1043 1044 43
1043 1067 78
1044 1023 1128
1044 1043 43
1044 1067 65
1045 1068 447
1046 1068 310
1046 1025 366
1046 1024 883
1047 1027 241
1047 1026 125
1047 1069 87
1048 1029 1871
1048 1028 976
1048 1069 217
1049 1070 146
1049 1031 144
1049 1030 256
1050 1031 95
1050 1071 64
1050 1070 106
1051 1071 131
1051 1031 127
1052 1072 891
1053 1072 339
1054 1073 124
1054 1033 251
1054 1032 59
1055 1034 1452
1055 1074 216
1056 1076 204
1057 1036 135
1057 1076 147
1057 1035 153
1058 1077 57
1059 1037 41
1059 1038 255
1059 1077 76
1060 1078 90
1060 1038 32
1061 1073 114
1061 1078 44
1062 1083 243
1062 1039 21
1063 1083 207
1063 1040 88
1064 1040 153
1064 1084 57
1065 1086 293
1066 1086 693
1066 1042 248
1066 1041 403
1067 1087 33
1067 1044 65
1067 1043 78
1068 1087 415
1068 1046 310
1068 1045 447
1069 1088 66
1069 1048 217
1069 1047 87
1070 1049 146
1070 1089 208
1070 1050 106
1071 1051 131
1071 1089 206
1071 1050 64
1072 1053 339
1072 1092 328
1072 1052 891
1073 1096 138
1073 1054 124
1073 1061 114
1074 1097 778
1074 1055 216
1075 1098 269
1076 1057 147
1076 1056 204
1076 1098 34
1077 1059 76
1077 1100 385
1077 1058 57
1078 1061 44
1078 1100 72
1078 1060 90
1079 1101 51
1080 1101 588
1081 1102 94
1082 1102 164
1083 1063 207
1083 1062 243
1083 1103 34
1084 1064 57
1084 1104 215
1085 1105 242
1086 1066 693
1086 1065 293
1086 1105 283
1087 1068 415
1087 1108 90
1087 1067 33
1088 1109 211
1088 1069 66
1089 1071 206
1089 1070 208
1089 1110 1633
1090 1094 136
1090 1111 99
1091 1112 157
1092 1072 328
1092 1113 531
1093 1113 75
1093 1115 279
1094 1115 535
1094 1090 136
1095 1122 142
1096 1122 83
1096 1073 138
1097 1074 778
1097 1124 170
1098 1125 14
1098 1076 34
1098 1075 269
1099 1127 172
1100 1078 72
1100 1127 200
1100 1077 385
1101 1080 588
1101 1130 234
1101 1079 51
1102 1130 387
1102 1082 164
1102 1081 94
1103 1135 8
1103 1083 34
1104 1139 262
1104 1135 692
1104 1084 215
1105 1086 283
1105 1085 242
1105 1139 60
1106 1141 531
1107 1142 846
1108 1087 90
1108 1142 648
1109 1143 17
1109 1088 211
1110 1143 115
1110 1089 1633
1111 1090 99
1111 1146 100
1112 1091 157
1112 1148 501
1113 1093 75
1113 1148 1095
1113 1092 531
1114 1150 609
1115 1094 535
1115 1093 279
1115 1150 1280
1116 1151 288
1117 1153 89
1118 1153 49
1118 1128 246
1119 1154 66
1120 1154 32
1121 1156 229
1122 1096 83
1122 1158 148
1122 1095 142
1123 1158 132
1124 1097 170
1124 1159 112
1125 1098 14
1125 1164 38
1126 1166 165
1127 1100 200
1127 1099 172
1127 1166 118
1128 1167 341
1128 1118 246
1129 1167 141
1130 1171 36
1130 1102 387
1130 1101 234
1131 1173 589
1132 1173 114
1133 1173 105
1134 1174 141
1135 1103 8
1135 1104 692
1135 1174 7
1136 1175 124
1137 1175 130
1138 1176 121
1139 1176 266
1139 1105 60
1139 1104 262
1140 1177 1476
1141 1177 172
1141 1106 531
1142 1180 339
1142 1108 648
1142 1107 846
1143 1110 115
1143 1109 17
1143 1182 591
1144 1183 194
1145 1183 128
1146 1111 100
1146 1184 120
1147 1186 588
1148 1113 1095
1148 1186 1261
1148 1112 501
1149 1187 144
1150 1187 988
1150 1115 1280
1150 1114 609
1151 1188 292
1151 1116 288
1152 1189 627
1153 1118 49
1153 1117 89
1153 1189 361
1154 1120 32
1154 1119 66
1154 1191 33
1155 1193 193
1156 1121 229
1156 1194 47
1157 1194 692
1158 1196 356
1158 1123 132
1158 1122 148
1159 1196 971
1159 1124 112
1160 1197 715
1161 1198 82
1162 1198 14
1163 1199 107
1164 1125 38
1164 1199 143
1165 1201 150
1166 1127 118
1166 1126 165
1166 1201 77
1167 1202 226
1167 1129 141
1167 1128 341
1168 1202 122
1169 1203 133
1170 1203 28
1171 1207 21
1171 1130 36
1172 1208 883
1173 1133 105
1173 1132 114
1173 1131 589
1173 1208 322
1174 1135 7
1174 1134 141
1174 1209 71
1175 1210 126
1175 1137 130
1175 1136 124
1176 1139 266
1176 1138 121
1176 1210 127
1177 1211 376
1177 1141 172
1177 1140 1476
1178 1211 926
1179 1215 235
1180 1142 339
1180 1215 756
1181 1217 249
1182 1217 730
1182 1143 591
1183 1218 307
1183 1145 128
1183 1144 194
1184 1146 120
1184 1218 72
1185 1219 870
1186 1219 714
1186 1148 1261
1186 1147 588
1187 1220 208
1187 1150 988
1187 1149 144
1188 1221 193
1188 1151 292
1188 1223 378
1189 1153 361
1189 1152 627
1189 1224 38
1190 1227 123
1191 1227 45
1191 1154 33
1191 1228 97
1192 1228 62
1193 1230 23
1193 1155 193
1194 1230 173
1194 1157 692
1194 1156 47
1195 1232 164
1196 1159 971
1196 1158 356
1196 1232 498
1197 1225 120
1197 1233 317
1197 1160 715
1198 1162 14
1198 1234 257
1198 1161 82
1199 1238 194
1199 1164 143
1199 1163 107
1200 1239 320
1201 1239 46
1201 1166 77
1201 1165 150
1202 1241 261
1202 1168 122
1202 1167 226
1203 1170 28
1203 1241 51
1203 1169 133
1204 1242 99
1205 1242 98
1206 1243 127
1207 1243 54
1207 1171 21
1208 1173 322
1208 1250 66
1208 1172 883
1209 1251 40
1209 1174 71
1210 1251 250
1210 1176 127
1210 1175 126
1211 1178 926
1211 1252 611
1211 1177 376
1212 1253 100
1213 1253 99
1214 1254 1733
1215 1254 91
1215 1180 756
1215 1179 235
1216 1257 214
1217 1182 730
1217 1181 249
1217 1257 1469
1218 1184 72
1218 1258 169
1218 1183 307
1219 1259 1274
1219 1186 714
1219 1185 870
1220 1221 143
1220 1262 168
1220 1187 208
1221 1262 116
1221 1188 193
1221 1220 143
1222 1263 87
1223 1263 281
1223 1188 378
1224 1263 473
1224 1189 38
1225 1197 120
1225 1266 13
1226 1267 11
1227 1267 101
1227 1190 123
1227 1191 45
1228 1267 24
1228 1192 62
1228 1191 97
1229 1268 174
1230 1194 173
1230 1193 23
1230 1268 105
1231 1269 354
1232 1196 498
1232 1195 164
1232 1269 434
1233 1271 74
1233 1237 65
1233 1197 317
1234 1272 50
1234 1198 257
1235 1273 169
1236 1274 131
1237 1233 65
1237 1276 289
1238 1199 194
1238 1277 152
1238 1274 122
1239 1278 57
1239 1201 46
1239 1200 320
1240 1281 67
1241 1203 51
1241 1281 90
1241 1202 261
1242 1284 47
1242 1205 98
1242 1204 99
1243 1244 48
1243 1285 119
1243 1207 54
1243 1206 127
1244 1243 48
1244 1273 45
1244 1285 141
1245 1275 275
1245 1284 313
1245 1287 253
1246 1288 1204
1247 1289 1511
1248 1289 288
1248 1288 155
1249 1293 883
1250 1208 66
1250 1293 202
1251 1295 57
1251 1210 250
1251 1209 40
1252 1211 611
1252 1296 1040
1253 1213 99
1253 1297 613
1253 1212 100
1254 1215 91
1254 1297 502
1254 1214 1733
1255 1299 423
1256 1300 198
1257 1217 1469
1257 1216 214
1257 1300 536
1258 1302 118
1258 1218 169
1259 1219 1274
1259 1304 1300
1260 1304 760
1261 1304 1076
1262 1305 158
1262 1221 116
1262 1220 168
1263 1224 473
1263 1306 572
1263 1223 281
1263 1222 87
1264 1307 151
1265 1310 734
1266 1310 636
1266 1225 13
1267 1311 31
1267 1228 24
1267 1227 101
1267 1226 11
1268 1311 146
1268 1230 105
1268 1229 174
1269 1312 338
1269 1232 434
1269 1231 354
1270 1276 185
1270 1314 53
1271 1233 74
1271 1314 113
1272 1234 50
1272 1314 172
1273 1244 45
1273 1235 169
1273 1315 231
1274 1315 104
1274 1238 122
1274 1236 131
1275 1245 275
1275 1316 26
1276 1316 85
1276 1270 185
1276 1237 289
1277 1238 152
1277 1280 24
1277 1317 64
1278 1319 115
1278 1239 57
1279 1311 61
1279 1320 239
1280 1277 24
1280 1322 39
1281 1241 90
1281 1324 202
1281 1240 67
1282 1324 189
1283 1325 87
1284 1326 271
1284 1245 313
1284 1242 47
1285 1244 141
1285 1243 119
1285 1327 586
1286 1329 98
1287 1329 87
1287 1245 253
1288 1330 434
1288 1248 155
1288 1246 1204
1289 1248 288
1289 1247 1511
1289 1331 157
1290 1333 253
1291 1333 233
1292 1334 937
1293 1250 202
1293 1334 494
1293 1249 883
1294 1335 114
1295 1335 576
1295 1251 57
1295 1301 848
1296 1336 889
1296 1252 1040
1297 1336 258
1297 1254 502
1297 1253 613
1298 1337 641
1299 1338 243
1299 1255 423
1300 1338 561
1300 1257 536
1300 1256 198
1301 1340 105
1301 1295 848
1302 1341 87
1302 1258 118
1303 1341 318
1304 1343 112
1304 1261 1076
1304 1260 760
1304 1259 1300
1305 1262 158
1305 1344 619
1306 1263 572
1306 1345 483
1307 1346 411
1307 1264 151
1308 1346 539
1309 1347 1069
1310 1266 636
1310 1265 734
1310 1347 802
1311 1348 997
1311 1268 146
1311 1279 61
1311 1267 31
1312 1349 71
1312 1269 338
1313 1349 589
1313 1337 1847
1314 1350 44
1314 1272 172
1314 1271 113
1314 1270 53
1315 1274 104
1315 1351 117
1315 1273 231
1316 1351 137
1316 1276 85
1316 1275 26
1317 1277 64
1317 1351 130
1317 1321 82
1318 1353 152
1318 1319 93
1318 1322 63
1319 1278 115
1319 1353 122
1319 1318 93
1320 1353 172
1320 1279 239
1321 1354 37
1321 1317 82
1322 1318 63
1322 1354 137
1322 1280 39
1323 1355 204
1324 1355 89
1324 1282 189
1324 1281 202
1325 1357 98
1325 1283 87
1326 1357 98
1326 1284 271
1326 1327 85
1327 1357 163
1327 1285 586
1327 1326 85
1328 1358 80
1329 1287 87
1329 1286 98
1329 1358 723
1330 1288 434
1330 1359 255
1331 1359 186
1331 1289 157
1332 1360 540
1333 1291 233
1333 1290 253
1333 1360 312
1334 1293 494
1334 1361 1259
1334 1292 937
1335 1295 576
1335 1294 114
1335 1363 556
1336 1297 258
1336 1363 44
1336 1296 889
1337 1313 1847
1337 1364 58
1337 1298 641
1338 1300 561
1338 1299 243
1338 1365 649
1339 1367 39
1340 1301 105
1340 1368 38
1341 1369 145
1341 1303 318
1341 1302 87
1342 1370 392
1343 1304 112
1343 1370 359
1344 1305 619
1344 1371 506
1345 1372 1154
1345 1306 483
1346 1308 539
1346 1373 59
1346 1307 411
1347 1373 603
1347 1310 802
1347 1309 1069
1348 1311 997
1348 1376 735
1349 1313 589
1349 1312 71
1349 1376 112
1350 1314 44
1350 1377 90
1351 1317 130
1351 1377 198
1351 1316 137
1351 1315 117
1352 1378 17
1353 1320 172
1353 1319 122
1353 1318 152
1353 1379 217
1354 1322 137
1354 1321 37
1354 1379 95
1355 1324 89
1355 1380 285
1355 1323 204
1356 1380 176
1357 1327 163
1357 1326 98
1357 1325 98
1357 1382 546
1358 1382 109
1358 1329 723
1358 1328 80
1359 1331 186
1359 1330 255
1359 1384 75
1360 1384 212
1360 1333 312
1360 1332 540
1361 1334 1259
1361 1386 20
1362 1387 194
1363 1336 44
1363 1388 126
1363 1335 556
1364 1389 727
1364 1337 58
1365 1390 396
1365 1338 649
1366 1391 1247
1367 1339 39
1367 1391 369
1368 1340 38
1368 1391 327
1369 1341 145
1369 1392 1609
1370 1343 359
1370 1393 231
1370 1342 392
1371 1344 506
1371 1395 208
1372 1397 248
1372 1345 1154
1373 1347 603
1373 1346 59
1373 1397 1275
1374 1398 220
1375 1399 172
1376 1400 1485
1376 1349 112
1376 1348 735
1377 1403 13
1377 1351 198
1377 1350 90
1378 1352 17
1378 1404 130
1378 1402 213
1379 1354 95
1379 1353 217
1379 1404 88
1380 1405 913
1380 1356 176
1380 1355 285
1381 1405 167
1382 1358 109
1382 1357 546
1382 1407 236
1383 1408 853
1384 1409 298
1384 1360 212
1384 1359 75
1385 1410 1695
1386 1361 20
1386 1411 2828
1387 1400 323
1387 1413 111
1387 1362 194
1388 1415 1311
1388 1363 126
1389 1364 727
1389 1416 360
1390 1417 338
1390 1365 396
1391 1368 327
1391 1367 369
1391 1417 689
1391 1366 1247
1392 1396 101
1392 1369 1609
1392 1420 338
1393 1370 231
1393 1421 54
1394 1421 349
1395 1371 208
1395 1422 174
1396 1422 549
1396 1392 101
1397 1373 1275
1397 1372 248
1397 1423 783
1398 1374 220
1398 1426 161
1399 1375 172
1399 1427 861
1400 1387 323
1400 1427 127
1400 1376 1485
1401 1428 79
1402 1378 213
1402 1428 68
1403 1377 13
1403 1429 137
1404 1379 88
1404 1429 94
1404 1378 130
1405 1430 468
1405 1381 167
1405 1380 913
1406 1430 155
1407 1434 74
1407 1382 236
1408 1383 853
1408 1440 1059
1409 1384 298
1409 1440 511
1410 1441 198
1410 1385 1695
1411 1386 2828
1411 1441 1302
1412 1447 288
1413 1447 406
1413 1387 111
1414 1449 81
1415 1388 1311
1415 1449 131
1416 1389 360
1416 1450 596
1417 1391 689
1417 1390 338
1417 1452 258
1418 1453 53
1419 1453 162
1420 1454 519
1420 1392 338
1421 1457 156
1421 1394 349
1421 1393 54
1422 1458 166
1422 1396 549
1422 1395 174
1423 1458 1461
1423 1397 783
1424 1460 189
1425 1460 179
1426 1461 421
1426 1398 161
1427 1400 127
1427 1399 861
1427 1461 628
1428 1402 68
1428 1462 67
1428 1401 79
1429 1463 218
1429 1404 94
1429 1403 137
1430 1467 394
1430 1406 155
1430 1405 468
1431 1467 214
1432 1434 90
1432 1433 79
1432 1468 107
1433 1432 79
1433 1470 86
1433 1468 68
1433 1469 83
1434 1407 74
1434 1470 79
1434 1432 90
1435 1473 1770
1436 1474 1511
1437 1477 2544
1438 1481 552
1439 1481 633
1440 1482 606
1440 1409 511
1440 1408 1059
1441 1411 1302
1441 1410 198
1441 1483 1384
1442 1484 220
1443 1484 496
1444 1487 29
1445 1487 201
1446 1488 107
1447 1413 406
1447 1488 211
1447 1412 288
1448 1492 125
1449 1492 474
1449 1415 131
1449 1414 81
1450 1416 596
1450 1493 606
1451 1493 665
1452 1493 1188
1452 1417 258
1453 1494 469
1453 1419 162
1453 1418 53
1454 1420 519
1454 1494 402
1455 1495 139
1456 1495 432
1457 1496 147
1457 1421 156
1458 1423 1461
1458 1498 669
1458 1422 166
1459 1500 604
1460 1500 74
1460 1425 179
1460 1424 189
1461 1500 430
1461 1427 628
1461 1426 421
1462 1502 30
1462 1428 67
1463 1502 187
1463 1429 218
1464 1504 115
1465 1506 169
1466 1507 398
1467 1507 202
1467 1431 214
1467 1430 394
1468 1432 107
1468 1433 68
1468 1508 81
1469 1509 70
1469 1433 83
1469 1508 74
1470 1434 79
1470 1433 86
1470 1509 81
1471 1510 473
1472 1510 621
1473 1511 101
1473 1435 1770
1474 1511 70
1474 1436 1511
1475 1512 1287
1476 1512 9
1477 1513 378
1477 1437 2544
1478 1513 465
1479 1514 2331
1480 1516 1091
1481 1516 3242
1481 1439 633
1481 1438 552
1482 1518 1085
1482 1440 606
1483 1441 1384
1483 1518 712
1484 1520 822
1484 1443 496
1484 1442 220
1485 1521 23
1486 1521 31
1487 1522 30
1487 1445 201
1487 1444 29
1488 1447 211
1488 1523 335
1488 1446 107
1489 1523 471
1490 1524 412
1491 1525 143
1492 1449 474
1492 1448 125
1492 1525 231
1493 1452 1188
1493 1526 297
1493 1451 665
1493 1450 606
1494 1527 319
1494 1454 402
1494 1453 469
1495 1456 432
1495 1528 256
1495 1455 139
1496 1529 252
1496 1528 195
1496 1457 147
1497 1530 414
1498 1458 669
1498 1530 320
1499 1532 219
1500 1461 430
1500 1460 74
1500 1459 604
1500 1532 723
1501 1533 279
1502 1463 187
1502 1534 36
1502 1462 30
1503 1533 149
1503 1535 400
1504 1535 267
1504 1464 115
1505 1537 68
1506 1538 75
1506 1465 169
1507 1467 202
1507 1539 378
1507 1466 398
1508 1468 81
1508 1469 74
1508 1539 88
1509 1470 81
1509 1469 70
1509 1540 51
1510 1545 368
1510 1472 621
1510 1471 473
1511 1474 70
1511 1547 3661
1511 1473 101
1512 1476 9
1512 1548 297
1512 1475 1287
1513 1549 999
1513 1478 465
1513 1477 378
1514 1479 2331
1514 1549 1538
1515 1550 959
1516 1481 3242
1516 1480 1091
1516 1550 165
1517 1551 632
1518 1483 712
1518 1482 1085
1518 1552 2434
1519 1554 734
1520 1484 822
1520 1555 310
1520 1522 64
1521 1556 43
1521 1486 31
1521 1485 23
1522 1557 64
1522 1520 64
1522 1487 30
1523 1558 1555
1523 1489 471
1523 1488 335
1524 1559 596
1524 1526 589
1524 1490 412
1525 1561 141
1525 1492 231
1525 1491 143
1526 1562 273
1526 1493 297
1526 1524 589
1527 1563 194
1527 1494 319
1528 1496 195
1528 1564 791
1528 1495 256
1529 1564 476
1529 1496 252
1530 1498 320
1530 1565 378
1530 1497 414
